
#Left Camera Intrinsic parameter
1035.278669095568 0.000000000000 295.500377771516
0.000000000000 1034.880664685675 598.224722223280
0.000000000000 0.000000000000 1.000000000000

#Right Camera Intrinsic parameter
1036.770200759934 0.000000000000 403.040387412710
0.000000000000 1037.186415753241 612.775486819306
0.000000000000 0.000000000000 1.000000000000

#Left Camera Extrinsic parameter
1.000000000000 0.000000000000 0.000000000000 0.000000000000
0.000000000000 1.000000000000 0.000000000000 0.000000000000
0.000000000000 0.000000000000 1.000000000000 0.000000000000

#Right Camera Extrinsic parameter
0.958173249509 0.009400631103 0.286034354684 -69.855978076557
-0.009648701145 0.999953303246 -0.000542119475 0.110435878514
-0.286026094074 -0.002240415626 0.958219209809 14.517584144224

#FMatrix
-0.000000076386 0.000003333642 -0.001745446202
0.000000105635 -0.000000103805 -0.011352133262
-0.000285872783 0.010010406460 1.000000000000
